Day 1: 150.00 131.25 112.50 93.75 75.00 56.25 37.50 18.75 0.00 0.00 0.00 0.00 0.00 0.00 0.00 0.00 0.00 0.00 0.00 0.00 0.00 0.00 0.00 0.00 0.00 0.00 0.00 0.00 0.00 0.00 0.00 0.00 0.00 0.00 0.00 0.00 0.00 0.00 0.00 0.00 0.00 0.00 0.00 0.00 0.00 0.00 18.75 37.50 56.25 75.00 93.75 112.50 131.25 150.00 150.00 150.00 150.00 150.00 150.00 150.00 150.00 150.00 150.00 150.00 150.00 150.00 150.00 150.00 150.00 150.00 131.25 112.50 93.75 75.00 56.25 37.50 18.75 0.00 0.00 0.00 0.00 0.00 0.00 0.00 0.00 0.00 0.00 0.00 0.00 0.00 0.00 0.00 0.00 0.00 0.00 0.00 
Day 2: 0.00 0.00 0.00 0.00 0.00 0.00 0.00 0.00 0.00 0.00 0.00 0.00 0.00 0.00 0.00 0.00 0.00 0.00 0.00 0.00 0.00 0.00 0.00 0.00 0.00 0.00 0.00 0.00 0.00 0.00 0.00 0.00 0.00 0.00 0.00 0.00 0.00 0.00 0.00 0.00 18.75 37.50 56.25 75.00 75.00 75.00 93.75 112.50 131.25 150.00 150.00 150.00 150.00 150.00 150.00 150.00 150.00 150.00 150.00 150.00 150.00 150.00 150.00 150.00 150.00 150.00 131.25 112.50 112.50 112.50 93.75 75.00 56.25 37.50 18.75 0.00 0.00 0.00 0.00 0.00 0.00 0.00 0.00 0.00 0.00 0.00 0.00 0.00 0.00 0.00 0.00 0.00 0.00 0.00 0.00 0.00 
Day 3: 0.00 0.00 0.00 0.00 0.00 0.00 0.00 0.00 0.00 0.00 18.75 37.50 56.25 75.00 93.75 112.50 131.25 150.00 131.25 112.50 93.75 75.00 56.25 37.50 56.25 75.00 93.75 112.50 93.75 75.00 56.25 37.50 18.75 0.00 0.00 0.00 18.75 37.50 18.75 0.00 18.75 37.50 56.25 75.00 56.25 37.50 56.25 75.00 93.75 112.50 131.25 150.00 150.00 150.00 150.00 150.00 150.00 150.00 150.00 150.00 150.00 150.00 131.25 112.50 112.50 112.50 131.25 150.00 150.00 150.00 131.25 112.50 93.75 75.00 56.25 37.50 18.75 0.00 0.00 0.00 0.00 0.00 0.00 0.00 0.00 0.00 0.00 0.00 0.00 0.00 0.00 0.00 0.00 0.00 0.00 0.00 
Day 4: 0.00 0.00 0.00 0.00 18.75 37.50 56.25 75.00 75.00 75.00 93.75 112.50 131.25 150.00 150.00 150.00 150.00 150.00 150.00 150.00 131.25 112.50 93.75 75.00 75.00 75.00 56.25 37.50 37.50 37.50 37.50 37.50 56.25 75.00 56.25 37.50 18.75 0.00 0.00 0.00 18.75 37.50 18.75 0.00 18.75 37.50 56.25 75.00 56.25 37.50 37.50 37.50 18.75 0.00 18.75 37.50 37.50 37.50 56.25 75.00 93.75 112.50 131.25 150.00 131.25 112.50 131.25 150.00 150.00 150.00 131.25 112.50 93.75 75.00 56.25 37.50 37.50 37.50 56.25 75.00 56.25 37.50 18.75 0.00 0.00 0.00 0.00 0.00 0.00 0.00 0.00 0.00 0.00 0.00 0.00 0.00 
Day 5: 0.00 0.00 0.00 0.00 0.00 0.00 18.75 37.50 56.25 75.00 93.75 112.50 131.25 150.00 150.00 150.00 150.00 150.00 131.25 112.50 93.75 75.00 93.75 112.50 93.75 75.00 56.25 37.50 18.75 0.00 0.00 0.00 18.75 37.50 56.25 75.00 93.75 112.50 131.25 150.00 150.00 150.00 150.00 150.00 150.00 150.00 150.00 150.00 131.25 112.50 93.75 75.00 75.00 75.00 93.75 112.50 112.50 112.50 131.25 150.00 131.25 112.50 131.25 150.00 150.00 150.00 150.00 150.00 150.00 150.00 131.25 112.50 93.75 75.00 56.25 37.50 18.75 0.00 18.75 37.50 18.75 0.00 0.00 0.00 0.00 0.00 0.00 0.00 0.00 0.00 0.00 0.00 0.00 0.00 0.00 0.00 
Day 6: 18.75 37.50 56.25 75.00 75.00 75.00 75.00 75.00 93.75 112.50 131.25 150.00 150.00 150.00 150.00 150.00 150.00 150.00 150.00 150.00 131.25 112.50 93.75 75.00 56.25 37.50 18.75 0.00 0.00 0.00 0.00 0.00 18.75 37.50 37.50 37.50 37.50 37.50 18.75 0.00 0.00 0.00 18.75 37.50 37.50 37.50 18.75 0.00 0.00 0.00 0.00 0.00 0.00 0.00 0.00 0.00 0.00 0.00 0.00 0.00 18.75 37.50 56.25 75.00 75.00 75.00 93.75 112.50 131.25 150.00 150.00 150.00 131.25 112.50 93.75 75.00 56.25 37.50 18.75 0.00 0.00 0.00 18.75 37.50 18.75 0.00 18.75 37.50 56.25 75.00 75.00 75.00 56.25 37.50 37.50 37.50 
Day 7: 18.75 0.00 0.00 0.00 0.00 0.00 0.00 0.00 0.00 0.00 18.75 37.50 56.25 75.00 75.00 75.00 56.25 37.50 18.75 0.00 0.00 0.00 18.75 37.50 56.25 75.00 56.25 37.50 18.75 0.00 18.75 37.50 56.25 75.00 93.75 112.50 131.25 150.00 150.00 150.00 131.25 112.50 93.75 75.00 56.25 37.50 18.75 0.00 0.00 0.00 18.75 37.50 18.75 0.00 18.75 37.50 56.25 75.00 93.75 112.50 131.25 150.00 150.00 150.00 150.00 150.00 150.00 150.00 150.00 150.00 131.25 112.50 93.75 75.00 56.25 37.50 18.75 0.00 0.00 0.00 0.00 0.00 0.00 0.00 0.00 0.00 0.00 0.00 0.00 0.00 0.00 0.00 0.00 0.00 0.00 0.00 
Day 8: 0.00 0.00 0.00 0.00 0.00 0.00 18.75 37.50 56.25 75.00 93.75 112.50 131.25 150.00 150.00 150.00 150.00 150.00 150.00 150.00 131.25 112.50 93.75 75.00 56.25 37.50 18.75 0.00 0.00 0.00 18.75 37.50 18.75 0.00 18.75 37.50 56.25 75.00 93.75 112.50 93.75 75.00 56.25 37.50 18.75 0.00 18.75 37.50 56.25 75.00 93.75 112.50 131.25 150.00 150.00 150.00 131.25 112.50 131.25 150.00 150.00 150.00 150.00 150.00 150.00 150.00 150.00 150.00 150.00 150.00 150.00 150.00 131.25 112.50 93.75 75.00 56.25 37.50 18.75 0.00 0.00 0.00 0.00 0.00 0.00 0.00 0.00 0.00 0.00 0.00 0.00 0.00 0.00 0.00 0.00 0.00 
Day 9: 0.00 0.00 0.00 0.00 0.00 0.00 18.75 37.50 37.50 37.50 56.25 75.00 93.75 112.50 131.25 150.00 150.00 150.00 131.25 112.50 112.50 112.50 131.25 150.00 131.25 112.50 93.75 75.00 75.00 75.00 75.00 75.00 75.00 75.00 75.00 75.00 93.75 112.50 112.50 112.50 112.50 112.50 131.25 150.00 150.00 150.00 150.00 150.00 150.00 150.00 150.00 150.00 150.00 150.00 131.25 112.50 93.75 75.00 93.75 112.50 131.25 150.00 150.00 150.00 150.00 150.00 131.25 112.50 112.50 112.50 93.75 75.00 56.25 37.50 18.75 0.00 0.00 0.00 0.00 0.00 0.00 0.00 0.00 0.00 0.00 0.00 18.75 37.50 18.75 0.00 0.00 0.00 0.00 0.00 0.00 0.00 
Day 10: 0.00 0.00 0.00 0.00 18.75 37.50 56.25 75.00 93.75 112.50 131.25 150.00 150.00 150.00 150.00 150.00 150.00 150.00 150.00 150.00 131.25 112.50 131.25 150.00 131.25 112.50 112.50 112.50 131.25 150.00 150.00 150.00 150.00 150.00 150.00 150.00 150.00 150.00 150.00 150.00 150.00 150.00 150.00 150.00 150.00 150.00 150.00 150.00 150.00 150.00 150.00 150.00 150.00 150.00 150.00 150.00 150.00 150.00 131.25 112.50 112.50 112.50 131.25 150.00 150.00 150.00 131.25 112.50 112.50 112.50 93.75 75.00 56.25 37.50 18.75 0.00 0.00 0.00 0.00 0.00 0.00 0.00 0.00 0.00 0.00 0.00 18.75 37.50 18.75 0.00 0.00 0.00 0.00 0.00 0.00 0.00 
Day 11: 0.00 0.00 18.75 37.50 56.25 75.00 93.75 112.50 131.25 150.00 150.00 150.00 150.00 150.00 150.00 150.00 150.00 150.00 150.00 150.00 150.00 150.00 131.25 112.50 93.75 75.00 56.25 37.50 37.50 37.50 37.50 37.50 56.25 75.00 56.25 37.50 37.50 37.50 56.25 75.00 93.75 112.50 112.50 112.50 93.75 75.00 75.00 75.00 93.75 112.50 112.50 112.50 112.50 112.50 112.50 112.50 112.50 112.50 131.25 150.00 150.00 150.00 131.25 112.50 93.75 75.00 75.00 75.00 93.75 112.50 112.50 112.50 93.75 75.00 56.25 37.50 18.75 0.00 0.00 0.00 18.75 37.50 18.75 0.00 0.00 0.00 18.75 37.50 18.75 0.00 0.00 0.00 0.00 0.00 0.00 0.00 
Day 12: 0.00 0.00 18.75 37.50 18.75 37.50 18.75 0.00 18.75 37.50 56.25 37.50 56.25 75.00 93.75 112.50 131.25 150.00 150.00 150.00 150.00 150.00 131.25 112.50 93.75 75.00 56.25 37.50 37.50 37.50 37.50 37.50 18.75 0.00 0.00 0.00 0.00 0.00 18.75 37.50 18.75 0.00 18.75 37.50 56.25 75.00 75.00 75.00 93.75 112.50 131.25 150.00 150.00 150.00 131.25 112.50 131.25 150.00 150.00 150.00 150.00 150.00 150.00 150.00 150.00 150.00 150.00 150.00 131.25 112.50 93.75 75.00 75.00 75.00 93.75 112.50 93.75 75.00 56.25 37.50 18.75 0.00 0.00 0.00 0.00 0.00 18.75 37.50 56.25 75.00 75.00 75.00 56.25 37.50 18.75 0.00 
Day 13: 0.00 0.00 0.00 0.00 18.75 37.50 37.50 37.50 56.25 75.00 56.25 37.50 56.25 75.00 93.75 112.50 131.25 150.00 150.00 150.00 150.00 150.00 131.25 112.50 93.75 75.00 56.25 37.50 37.50 37.50 37.50 37.50 37.50 37.50 18.75 0.00 0.00 0.00 0.00 0.00 0.00 0.00 0.00 0.00 0.00 0.00 0.00 0.00 18.75 37.50 56.25 75.00 75.00 75.00 93.75 112.50 131.25 150.00 150.00 150.00 150.00 150.00 150.00 150.00 150.00 150.00 150.00 150.00 150.00 150.00 150.00 150.00 131.25 112.50 93.75 75.00 56.25 37.50 18.75 0.00 0.00 0.00 18.75 37.50 37.50 37.50 56.25 75.00 75.00 75.00 93.75 112.50 93.75 75.00 56.25 37.50 
Day 14: 37.50 37.50 37.50 37.50 56.25 75.00 93.75 112.50 112.50 112.50 112.50 112.50 112.50 112.50 112.50 112.50 93.75 75.00 56.25 37.50 18.75 0.00 0.00 0.00 0.00 0.00 0.00 0.00 0.00 0.00 0.00 0.00 0.00 0.00 0.00 0.00 0.00 0.00 0.00 0.00 0.00 0.00 0.00 0.00 18.75 37.50 37.50 37.50 56.25 75.00 75.00 75.00 75.00 75.00 93.75 112.50 131.25 150.00 150.00 150.00 150.00 150.00 150.00 150.00 150.00 150.00 150.00 150.00 150.00 150.00 150.00 150.00 131.25 112.50 93.75 75.00 56.25 37.50 18.75 0.00 0.00 0.00 0.00 0.00 0.00 0.00 0.00 0.00 0.00 0.00 0.00 0.00 0.00 0.00 0.00 0.00 
Day 15: 0.00 0.00 0.00 0.00 0.00 0.00 18.75 37.50 18.75 0.00 0.00 0.00 18.75 37.50 56.25 75.00 93.75 112.50 93.75 75.00 75.00 75.00 56.25 37.50 18.75 0.00 18.75 37.50 18.75 0.00 18.75 37.50 56.25 75.00 93.75 112.50 93.75 75.00 93.75 112.50 93.75 75.00 93.75 112.50 93.75 75.00 93.75 112.50 131.25 150.00 150.00 150.00 150.00 150.00 150.00 150.00 150.00 150.00 131.25 112.50 112.50 112.50 93.75 75.00 56.25 37.50 56.25 75.00 93.75 112.50 93.75 75.00 56.25 37.50 18.75 0.00 0.00 0.00 18.75 37.50 37.50 37.50 18.75 0.00 0.00 0.00 0.00 0.00 0.00 0.00 0.00 0.00 0.00 0.00 0.00 0.00 
Day 16: 0.00 0.00 0.00 0.00 0.00 0.00 18.75 37.50 56.25 75.00 75.00 75.00 93.75 112.50 131.25 150.00 150.00 150.00 150.00 150.00 150.00 150.00 131.25 112.50 93.75 75.00 56.25 37.50 56.25 75.00 56.25 37.50 18.75 0.00 0.00 0.00 0.00 0.00 18.75 37.50 37.50 37.50 18.75 0.00 18.75 37.50 56.25 75.00 56.25 37.50 56.25 75.00 93.75 112.50 131.25 150.00 150.00 150.00 131.25 112.50 93.75 75.00 75.00 75.00 56.25 37.50 56.25 75.00 93.75 112.50 131.25 150.00 131.25 112.50 112.50 112.50 93.75 75.00 56.25 37.50 18.75 0.00 0.00 0.00 0.00 0.00 18.75 37.50 18.75 0.00 18.75 37.50 37.50 37.50 18.75 0.00 
Day 17: 0.00 0.00 0.00 0.00 0.00 0.00 0.00 0.00 0.00 0.00 0.00 0.00 18.75 37.50 37.50 37.50 37.50 37.50 37.50 37.50 18.75 0.00 0.00 0.00 0.00 0.00 0.00 0.00 18.75 37.50 37.50 37.50 37.50 37.50 37.50 37.50 37.50 37.50 56.25 75.00 56.25 37.50 56.25 75.00 93.75 112.50 131.25 150.00 150.00 150.00 150.00 150.00 150.00 150.00 150.00 150.00 150.00 150.00 131.25 112.50 93.75 75.00 93.75 112.50 131.25 150.00 150.00 150.00 150.00 150.00 131.25 112.50 93.75 75.00 56.25 37.50 37.50 37.50 37.50 37.50 37.50 37.50 56.25 75.00 93.75 112.50 131.25 150.00 131.25 112.50 131.25 150.00 150.00 150.00 150.00 150.00 
Day 18: 150.00 150.00 150.00 150.00 150.00 150.00 150.00 150.00 150.00 150.00 150.00 150.00 150.00 150.00 150.00 150.00 150.00 150.00 150.00 150.00 131.25 112.50 93.75 75.00 56.25 37.50 18.75 0.00 0.00 0.00 0.00 0.00 0.00 0.00 18.75 37.50 37.50 37.50 56.25 75.00 93.75 112.50 131.25 150.00 150.00 150.00 150.00 150.00 150.00 150.00 150.00 150.00 150.00 150.00 150.00 150.00 150.00 150.00 150.00 150.00 150.00 150.00 150.00 150.00 150.00 150.00 131.25 112.50 93.75 75.00 56.25 37.50 37.50 37.50 18.75 0.00 0.00 0.00 0.00 0.00 0.00 0.00 0.00 0.00 0.00 0.00 0.00 0.00 0.00 0.00 18.75 37.50 37.50 37.50 18.75 0.00 
Day 19: 0.00 0.00 0.00 0.00 0.00 0.00 0.00 0.00 0.00 0.00 18.75 37.50 56.25 75.00 93.75 112.50 112.50 112.50 93.75 75.00 75.00 75.00 56.25 37.50 18.75 0.00 0.00 0.00 0.00 0.00 0.00 0.00 0.00 0.00 18.75 37.50 56.25 75.00 93.75 112.50 131.25 150.00 150.00 150.00 150.00 150.00 150.00 150.00 150.00 150.00 150.00 150.00 150.00 150.00 150.00 150.00 150.00 150.00 131.25 112.50 131.25 150.00 150.00 150.00 131.25 112.50 93.75 75.00 75.00 75.00 56.25 37.50 37.50 37.50 37.50 37.50 18.75 0.00 0.00 0.00 18.75 37.50 37.50 37.50 18.75 0.00 18.75 37.50 18.75 0.00 18.75 37.50 18.75 0.00 0.00 0.00 
Day 20: 0.00 0.00 0.00 0.00 0.00 0.00 0.00 0.00 18.75 37.50 56.25 75.00 93.75 112.50 131.25 150.00 150.00 150.00 150.00 150.00 131.25 112.50 93.75 75.00 56.25 37.50 18.75 0.00 18.75 37.50 37.50 37.50 37.50 37.50 37.50 37.50 37.50 37.50 56.25 75.00 93.75 112.50 131.25 150.00 150.00 150.00 131.25 112.50 112.50 112.50 93.75 75.00 93.75 112.50 93.75 75.00 93.75 112.50 131.25 150.00 131.25 112.50 93.75 75.00 93.75 112.50 131.25 150.00 131.25 112.50 93.75 75.00 56.25 37.50 18.75 0.00 0.00 0.00 18.75 37.50 18.75 0.00 18.75 37.50 56.25 75.00 93.75 112.50 93.75 75.00 75.00 75.00 56.25 37.50 18.75 0.00 
Day 21: 0.00 0.00 0.00 0.00 0.00 0.00 0.00 0.00 0.00 0.00 0.00 0.00 0.00 0.00 18.75 37.50 56.25 75.00 93.75 112.50 131.25 150.00 131.25 112.50 131.25 150.00 150.00 150.00 150.00 150.00 150.00 150.00 150.00 150.00 150.00 150.00 150.00 150.00 150.00 150.00 150.00 150.00 150.00 150.00 150.00 150.00 150.00 150.00 150.00 150.00 150.00 150.00 150.00 150.00 150.00 150.00 150.00 150.00 150.00 150.00 150.00 150.00 150.00 150.00 131.25 112.50 112.50 112.50 112.50 112.50 93.75 75.00 56.25 37.50 37.50 37.50 56.25 75.00 75.00 75.00 75.00 75.00 56.25 37.50 18.75 0.00 0.00 0.00 18.75 37.50 56.25 75.00 56.25 37.50 18.75 0.00 
Day 22: 0.00 0.00 0.00 0.00 0.00 0.00 0.00 0.00 0.00 0.00 0.00 0.00 0.00 0.00 0.00 0.00 0.00 0.00 0.00 0.00 0.00 0.00 18.75 37.50 56.25 75.00 93.75 112.50 131.25 150.00 131.25 112.50 93.75 75.00 56.25 37.50 37.50 37.50 56.25 75.00 93.75 112.50 131.25 150.00 150.00 150.00 150.00 150.00 150.00 150.00 150.00 150.00 150.00 150.00 150.00 150.00 131.25 112.50 93.75 75.00 93.75 112.50 112.50 112.50 131.25 150.00 150.00 150.00 131.25 112.50 112.50 112.50 112.50 112.50 93.75 75.00 75.00 75.00 75.00 75.00 75.00 75.00 75.00 75.00 75.00 75.00 75.00 75.00 75.00 75.00 56.25 37.50 18.75 0.00 0.00 0.00 
Day 23: 0.00 0.00 18.75 37.50 56.25 75.00 93.75 112.50 131.25 150.00 150.00 150.00 150.00 150.00 150.00 150.00 150.00 150.00 150.00 150.00 150.00 150.00 131.25 112.50 93.75 75.00 56.25 37.50 56.25 75.00 56.25 37.50 18.75 0.00 18.75 37.50 18.75 0.00 18.75 37.50 37.50 37.50 18.75 0.00 0.00 0.00 18.75 37.50 37.50 37.50 18.75 0.00 18.75 37.50 56.25 75.00 93.75 112.50 131.25 150.00 131.25 112.50 131.25 150.00 150.00 150.00 150.00 150.00 150.00 150.00 150.00 150.00 150.00 150.00 131.25 112.50 112.50 112.50 112.50 112.50 131.25 150.00 150.00 150.00 150.00 150.00 150.00 150.00 131.25 112.50 131.25 150.00 150.00 150.00 150.00 150.00 
Day 24: 131.25 112.50 93.75 75.00 75.00 75.00 56.25 37.50 37.50 37.50 56.25 75.00 93.75 112.50 131.25 150.00 150.00 150.00 150.00 150.00 131.25 112.50 93.75 75.00 56.25 37.50 18.75 0.00 0.00 0.00 18.75 37.50 18.75 0.00 0.00 0.00 18.75 37.50 37.50 37.50 18.75 0.00 0.00 0.00 0.00 0.00 0.00 0.00 18.75 37.50 56.25 75.00 93.75 112.50 112.50 112.50 112.50 112.50 131.25 150.00 150.00 150.00 150.00 150.00 150.00 150.00 150.00 150.00 150.00 150.00 150.00 150.00 131.25 112.50 93.75 75.00 56.25 37.50 18.75 0.00 0.00 0.00 0.00 0.00 18.75 37.50 56.25 75.00 56.25 37.50 37.50 37.50 37.50 37.50 18.75 0.00 
Day 25: 0.00 0.00 0.00 0.00 0.00 0.00 0.00 0.00 18.75 37.50 56.25 75.00 93.75 112.50 131.25 150.00 150.00 150.00 150.00 150.00 131.25 112.50 93.75 75.00 56.25 37.50 18.75 0.00 0.00 0.00 0.00 0.00 0.00 0.00 0.00 0.00 18.75 37.50 56.25 75.00 93.75 112.50 112.50 112.50 112.50 112.50 112.50 112.50 112.50 112.50 112.50 112.50 131.25 150.00 150.00 150.00 150.00 150.00 150.00 150.00 150.00 150.00 150.00 150.00 150.00 150.00 150.00 150.00 131.25 112.50 112.50 112.50 93.75 75.00 56.25 37.50 18.75 0.00 0.00 0.00 18.75 37.50 56.25 75.00 93.75 112.50 131.25 150.00 150.00 150.00 150.00 150.00 131.25 112.50 93.75 75.00 
Day 26: 56.25 37.50 18.75 0.00 0.00 0.00 0.00 0.00 0.00 0.00 0.00 0.00 0.00 0.00 0.00 0.00 0.00 0.00 18.75 37.50 37.50 37.50 37.50 37.50 37.50 37.50 18.75 0.00 18.75 37.50 56.25 75.00 75.00 75.00 75.00 75.00 75.00 75.00 75.00 75.00 75.00 75.00 93.75 112.50 131.25 150.00 150.00 150.00 150.00 150.00 131.25 112.50 112.50 112.50 93.75 75.00 75.00 75.00 75.00 75.00 93.75 112.50 131.25 150.00 131.25 112.50 131.25 150.00 150.00 150.00 131.25 112.50 93.75 75.00 56.25 37.50 18.75 0.00 0.00 0.00 0.00 0.00 0.00 0.00 0.00 0.00 0.00 0.00 0.00 0.00 18.75 37.50 37.50 37.50 18.75 0.00 
Day 27: 0.00 0.00 0.00 0.00 18.75 37.50 56.25 75.00 93.75 112.50 112.50 112.50 131.25 150.00 150.00 150.00 150.00 150.00 131.25 112.50 93.75 75.00 56.25 37.50 37.50 37.50 37.50 37.50 56.25 75.00 56.25 37.50 18.75 0.00 0.00 0.00 18.75 37.50 56.25 75.00 93.75 112.50 112.50 112.50 112.50 112.50 131.25 150.00 150.00 150.00 150.00 150.00 150.00 150.00 150.00 150.00 150.00 150.00 131.25 112.50 131.25 150.00 150.00 150.00 131.25 112.50 131.25 150.00 131.25 112.50 93.75 75.00 56.25 37.50 18.75 0.00 0.00 0.00 0.00 0.00 0.00 0.00 0.00 0.00 0.00 0.00 18.75 37.50 18.75 0.00 0.00 0.00 0.00 0.00 0.00 0.00 
Day 28: 0.00 0.00 0.00 0.00 0.00 0.00 0.00 0.00 0.00 0.00 0.00 0.00 0.00 0.00 0.00 0.00 0.00 0.00 0.00 0.00 0.00 0.00 18.75 37.50 56.25 75.00 93.75 112.50 112.50 112.50 131.25 150.00 131.25 112.50 93.75 75.00 56.25 37.50 18.75 0.00 18.75 37.50 56.25 75.00 93.75 112.50 131.25 150.00 131.25 112.50 131.25 150.00 150.00 150.00 131.25 112.50 93.75 75.00 56.25 37.50 56.25 75.00 56.25 37.50 18.75 0.00 18.75 37.50 56.25 75.00 56.25 37.50 18.75 0.00 0.00 0.00 18.75 37.50 18.75 0.00 18.75 37.50 37.50 37.50 18.75 0.00 18.75 37.50 37.50 37.50 37.50 37.50 18.75 0.00 18.75 37.50 
Day 29: 18.75 0.00 0.00 0.00 0.00 0.00 0.00 0.00 0.00 0.00 0.00 0.00 18.75 37.50 56.25 75.00 93.75 75.00 93.75 112.50 131.25 150.00 131.25 112.50 93.75 75.00 56.25 37.50 18.75 0.00 18.75 37.50 56.25 75.00 56.25 37.50 18.75 0.00 18.75 0.00 18.75 0.00 18.75 37.50 56.25 75.00 56.25 37.50 18.75 0.00 18.75 37.50 56.25 75.00 93.75 112.50 131.25 150.00 131.25 150.00 131.25 150.00 150.00 150.00 150.00 150.00 150.00 150.00 150.00 150.00 150.00 150.00 131.25 112.50 93.75 75.00 56.25 37.50 18.75 0.00 0.00 0.00 0.00 0.00 0.00 0.00 18.75 37.50 56.25 75.00 93.75 112.50 112.50 112.50 93.75 75.00 
Day 30: 56.25 37.50 18.75 0.00 0.00 0.00 18.75 37.50 56.25 75.00 93.75 112.50 112.50 112.50 112.50 112.50 112.50 112.50 112.50 112.50 93.75 75.00 56.25 37.50 18.75 0.00 0.00 0.00 0.00 0.00 0.00 0.00 0.00 0.00 0.00 0.00 0.00 0.00 0.00 0.00 18.75 37.50 56.25 75.00 75.00 75.00 75.00 75.00 75.00 75.00 93.75 112.50 131.25 150.00 150.00 150.00 150.00 150.00 150.00 150.00 150.00 150.00 150.00 150.00 150.00 150.00 150.00 150.00 150.00 150.00 150.00 150.00 150.00 150.00 131.25 112.50 93.75 75.00 56.25 37.50 18.75 0.00 0.00 0.00 18.75 37.50 37.50 37.50 18.75 0.00 0.00 0.00 0.00 0.00 0.00 0.00 
